MSE: 2.0228158518518615
R2: 0.9629694228044123
